kinematics:
  shoulder:
    x: 0
    y: 0
    z: 0.18055655064892137
    roll: -0
    pitch: 0
    yaw: -1.3277744909286071e-07
  upper_arm:
    x: 3.2993546873418899e-05
    y: 0
    z: 0
    roll: 1.5700099052410001
    pitch: 0
    yaw: 5.0817662102865847e-07
  forearm:
    x: -0.61217074488363465
    y: 0
    z: 0
    roll: 0.0014013091783670211
    pitch: -0.00031513557950159593
    yaw: 6.4858029382732724e-06
  wrist_1:
    x: -0.57140617283676176
    y: -0.00089845153373199662
    z: 0.17403836891948118
    roll: 0.0051623303421814808
    pitch: -0.0007501310018337762
    yaw: -6.1454533342421508e-06
  wrist_2:
    x: 4.6609954115366921e-05
    y: -0.11968130548644081
    z: 0.00017300376289186307
    roll: 1.5693507907382229
    pitch: 0
    yaw: 2.6685003168547272e-06
  wrist_3:
    x: 8.4196817082306185e-05
    y: 0.11566562158018343
    z: -1.1343882195175474e-05
    roll: 1.5706982519996044
    pitch: 3.1415926535897931
    yaw: 3.141592397816515
  hash: calib_15676095897311620134